1.125500000000000000e+04
1.061900000000000000e+04
1.281900000000000000e+04
1.015600000000000000e+04
1.421900000000000000e+04
1.253400000000000000e+04
1.257600000000000000e+04
1.217200000000000000e+04
1.208300000000000000e+04
1.335500000000000000e+04
1.154400000000000000e+04
7.611000000000000000e+03
1.232600000000000000e+04
7.188000000000000000e+03
3.206000000000000000e+03
1.401000000000000000e+03
1.075000000000000000e+03
3.352000000000000000e+03
5.580000000000000000e+03
1.023500000000000000e+04
8.169000000000000000e+03
5.865000000000000000e+03
5.164000000000000000e+03
2.847000000000000000e+03
1.629000000000000000e+03
8.880000000000000000e+02
4.520000000000000000e+02
1.060000000000000000e+03
9.190000000000000000e+02
2.460000000000000000e+03
2.202000000000000000e+03
1.873000000000000000e+03
1.936000000000000000e+03
2.115000000000000000e+03
2.413000000000000000e+03
3.233000000000000000e+03
3.662000000000000000e+03
5.292000000000000000e+03
4.068000000000000000e+03
4.388000000000000000e+03
4.068000000000000000e+03
4.274000000000000000e+03
4.823000000000000000e+03
5.273000000000000000e+03
2.549000000000000000e+03
4.825000000000000000e+03
5.770000000000000000e+03
6.252000000000000000e+03
5.642000000000000000e+03
7.368000000000000000e+03
3.496000000000000000e+03
5.024000000000000000e+03
9.421000000000000000e+03
1.063700000000000000e+04
1.159500000000000000e+04
7.387000000000000000e+03
8.360000000000000000e+03
7.116000000000000000e+03
1.053800000000000000e+04
9.213000000000000000e+03
9.541000000000000000e+03
9.873000000000000000e+03
6.608000000000000000e+03
1.211100000000000000e+04
9.390000000000000000e+03
9.262000000000000000e+03
1.172100000000000000e+04
1.590300000000000000e+04
1.043100000000000000e+04
1.253400000000000000e+04
1.296000000000000000e+04
1.352800000000000000e+04
1.538300000000000000e+04
1.601000000000000000e+04
1.471300000000000000e+04
1.529100000000000000e+04
1.453500000000000000e+04
1.402800000000000000e+04
1.603100000000000000e+04
1.586300000000000000e+04
1.537500000000000000e+04
1.688000000000000000e+04
1.600200000000000000e+04
1.672100000000000000e+04
1.988200000000000000e+04
1.638300000000000000e+04
1.648000000000000000e+04
1.671000000000000000e+04
1.610500000000000000e+04
1.756100000000000000e+04
1.589200000000000000e+04
1.672100000000000000e+04
1.497500000000000000e+04
1.721500000000000000e+04
1.726700000000000000e+04
1.547500000000000000e+04
1.777700000000000000e+04
1.623600000000000000e+04
1.642600000000000000e+04
1.559600000000000000e+04
1.311100000000000000e+04
1.369800000000000000e+04
1.404600000000000000e+04
1.478500000000000000e+04
1.411700000000000000e+04
1.386200000000000000e+04
1.332800000000000000e+04
1.280500000000000000e+04
1.268700000000000000e+04
1.387800000000000000e+04
1.199100000000000000e+04
1.396900000000000000e+04
1.317400000000000000e+04
1.259200000000000000e+04
1.352500000000000000e+04
1.282300000000000000e+04
1.237200000000000000e+04
1.303500000000000000e+04
1.164100000000000000e+04
1.330800000000000000e+04
1.199200000000000000e+04
1.314600000000000000e+04
1.172900000000000000e+04
1.349900000000000000e+04
1.146900000000000000e+04
1.060500000000000000e+04
1.272500000000000000e+04
1.189800000000000000e+04
1.404200000000000000e+04
1.103500000000000000e+04
1.256400000000000000e+04
1.321900000000000000e+04
1.214000000000000000e+04
1.191500000000000000e+04
1.367500000000000000e+04
1.315500000000000000e+04
1.224000000000000000e+04
1.269800000000000000e+04
1.223500000000000000e+04
1.190900000000000000e+04
1.377100000000000000e+04
1.135400000000000000e+04
1.361900000000000000e+04
1.112100000000000000e+04
1.402400000000000000e+04
1.182300000000000000e+04
1.236500000000000000e+04
1.289500000000000000e+04
1.175500000000000000e+04
1.225500000000000000e+04
1.406500000000000000e+04
1.148700000000000000e+04
1.312300000000000000e+04
1.179900000000000000e+04
1.349300000000000000e+04
1.410800000000000000e+04
1.290200000000000000e+04
