7.834900000000000000e+04
3.861000000000000000e+03
8.480000000000000000e+02
2.820000000000000000e+02
1.130000000000000000e+02
2.100000000000000000e+02
2.580000000000000000e+02
1.540000000000000000e+02
2.160000000000000000e+02
1.920000000000000000e+02
1.400000000000000000e+02
1.340000000000000000e+02
1.490000000000000000e+02
1.410000000000000000e+02
1.100000000000000000e+02
1.250000000000000000e+02
1.310000000000000000e+02
1.230000000000000000e+02
9.700000000000000000e+01
8.300000000000000000e+01
9.700000000000000000e+01
7.900000000000000000e+01
8.400000000000000000e+01
1.070000000000000000e+02
9.300000000000000000e+01
1.000000000000000000e+02
6.400000000000000000e+01
9.500000000000000000e+01
6.500000000000000000e+01
1.080000000000000000e+02
7.200000000000000000e+01
9.300000000000000000e+01
1.140000000000000000e+02
2.530000000000000000e+02
2.540000000000000000e+02
1.500000000000000000e+02
1.980000000000000000e+02
1.660000000000000000e+02
2.080000000000000000e+02
1.370000000000000000e+02
5.800000000000000000e+01
7.820000000000000000e+02
1.980000000000000000e+02
5.130000000000000000e+02
1.184000000000000000e+03
2.020000000000000000e+02
7.900000000000000000e+02
5.840000000000000000e+02
1.690000000000000000e+02
2.570000000000000000e+02
1.900000000000000000e+02
2.310000000000000000e+02
1.050000000000000000e+02
3.280000000000000000e+02
1.310000000000000000e+02
1.970000000000000000e+02
1.100000000000000000e+02
1.930000000000000000e+02
1.880000000000000000e+02
1.450000000000000000e+02
1.970000000000000000e+02
1.240000000000000000e+02
2.380000000000000000e+02
2.860000000000000000e+02
1.390000000000000000e+02
2.190000000000000000e+02
1.870000000000000000e+02
1.500000000000000000e+02
1.600000000000000000e+02
2.220000000000000000e+02
1.470000000000000000e+02
2.710000000000000000e+02
9.900000000000000000e+01
1.540000000000000000e+02
1.170000000000000000e+02
3.480000000000000000e+02
1.120000000000000000e+02
5.700000000000000000e+01
1.840000000000000000e+02
7.600000000000000000e+01
4.080000000000000000e+02
8.400000000000000000e+01
2.150000000000000000e+02
7.500000000000000000e+01
1.410000000000000000e+02
1.300000000000000000e+02
9.400000000000000000e+01
2.140000000000000000e+02
2.170000000000000000e+02
2.500000000000000000e+01
2.010000000000000000e+02
7.800000000000000000e+01
1.790000000000000000e+02
1.670000000000000000e+02
1.810000000000000000e+02
9.400000000000000000e+01
8.200000000000000000e+01
2.270000000000000000e+02
5.500000000000000000e+01
3.010000000000000000e+02
