5.365400000000000000e+04
2.353000000000000000e+03
5.530000000000000000e+02
1.066000000000000000e+03
1.544000000000000000e+03
1.237000000000000000e+03
5.270000000000000000e+02
4.300000000000000000e+02
3.440000000000000000e+02
2.390000000000000000e+02
1.770000000000000000e+02
1.620000000000000000e+02
1.060000000000000000e+02
1.150000000000000000e+02
9.100000000000000000e+01
6.000000000000000000e+01
5.500000000000000000e+01
3.100000000000000000e+01
4.700000000000000000e+01
2.500000000000000000e+01
2.300000000000000000e+01
3.100000000000000000e+01
2.000000000000000000e+01
3.500000000000000000e+01
4.700000000000000000e+01
7.200000000000000000e+01
5.500000000000000000e+01
9.400000000000000000e+01
7.600000000000000000e+01
1.140000000000000000e+02
7.800000000000000000e+01
7.900000000000000000e+01
5.900000000000000000e+01
1.220000000000000000e+02
2.700000000000000000e+01
9.600000000000000000e+01
2.400000000000000000e+01
5.800000000000000000e+01
1.400000000000000000e+01
5.300000000000000000e+01
3.100000000000000000e+01
4.500000000000000000e+01
2.000000000000000000e+01
5.900000000000000000e+01
1.900000000000000000e+01
1.400000000000000000e+01
3.000000000000000000e+01
2.000000000000000000e+01
2.400000000000000000e+01
5.800000000000000000e+01
1.400000000000000000e+01
2.500000000000000000e+01
2.200000000000000000e+01
2.000000000000000000e+01
5.800000000000000000e+01
3.100000000000000000e+01
1.700000000000000000e+01
1.000000000000000000e+01
5.900000000000000000e+01
1.500000000000000000e+01
3.700000000000000000e+01
1.200000000000000000e+01
2.300000000000000000e+01
1.400000000000000000e+01
5.000000000000000000e+01
1.000000000000000000e+00
3.000000000000000000e+01
2.800000000000000000e+01
1.800000000000000000e+01
1.900000000000000000e+01
2.200000000000000000e+01
1.300000000000000000e+01
1.500000000000000000e+01
2.800000000000000000e+01
2.700000000000000000e+01
1.000000000000000000e+01
4.400000000000000000e+01
1.200000000000000000e+01
1.200000000000000000e+01
2.200000000000000000e+01
1.000000000000000000e+01
2.400000000000000000e+01
2.200000000000000000e+01
4.000000000000000000e+01
1.100000000000000000e+01
1.000000000000000000e+01
1.800000000000000000e+01
1.900000000000000000e+01
1.300000000000000000e+01
2.700000000000000000e+01
1.000000000000000000e+01
1.400000000000000000e+01
3.800000000000000000e+01
1.200000000000000000e+01
1.000000000000000000e+00
1.900000000000000000e+01
1.100000000000000000e+01
6.200000000000000000e+01
1.000000000000000000e+00
1.900000000000000000e+01
