7.510400000000000000e+04
4.544000000000000000e+03
4.780000000000000000e+02
1.710000000000000000e+02
1.220000000000000000e+02
1.030000000000000000e+02
1.040000000000000000e+02
6.900000000000000000e+01
6.800000000000000000e+01
1.040000000000000000e+02
1.060000000000000000e+02
1.250000000000000000e+02
1.970000000000000000e+02
1.600000000000000000e+02
2.250000000000000000e+02
1.990000000000000000e+02
2.180000000000000000e+02
3.770000000000000000e+02
3.190000000000000000e+02
3.560000000000000000e+02
3.670000000000000000e+02
2.780000000000000000e+02
2.920000000000000000e+02
1.930000000000000000e+02
2.320000000000000000e+02
2.060000000000000000e+02
3.110000000000000000e+02
3.370000000000000000e+02
4.860000000000000000e+02
4.330000000000000000e+02
8.190000000000000000e+02
7.690000000000000000e+02
7.890000000000000000e+02
1.104000000000000000e+03
7.660000000000000000e+02
4.240000000000000000e+02
1.294000000000000000e+03
1.856000000000000000e+03
7.780000000000000000e+02
2.562000000000000000e+03
2.036000000000000000e+03
5.339000000000000000e+03
2.119000000000000000e+03
1.479000000000000000e+03
2.318000000000000000e+03
3.341000000000000000e+03
1.373000000000000000e+03
1.598000000000000000e+03
3.284000000000000000e+03
2.491000000000000000e+03
3.514000000000000000e+03
1.216000000000000000e+03
5.270000000000000000e+02
1.185000000000000000e+03
2.416000000000000000e+03
